530 20123
122 20140
169 19659
1036 19152
1308 19511
2050 20448
2392 20384
3040 20764
3114 21453
3480 21375
3604 20906
4122 20857
3983 20427
5141 19272
5862 19126
5602 19496
5426 19664
5605 20061
5465 20509
6080 21513
6034 21570
5837 21975
5323 21433
5146 21476
4204 21742
3708 22129
2761 22827
2560 23185
2530 23262
2798 23632
3181 23594
3884 22634
4519 22654
4756 22713
5376 22494
5553 24952
3388 24753
2412 24001
1628 23943
1313 24061
1289 24842
31 24039
451 23780
783 23816
1058 23535
557 23390
476 22739
245 22611
681 22108
663 22055
1181 21598
1612 21681
2295 21074
2074 21548
1998 21839
1945 22878
12129 24011
11642 24714
10049 24264
9950 24137
9786 24363
9268 24870
9248 24265
9579 24164
9258 23514
9318 22997
8890 22474
8540 21729
9164 21837
9592 21850
9899 21932
9921 21923
10148 21885
10081 22009
9968 22103
10347 22952
11145 22585
11552 21656
11080 21338
12354 20264
12310 19703
10939 20078
10032 20126
9390 18943
9117 19510
8559 19753
7992 19715
8131 19108
7896 18901
7017 18843
6901 18881
6780 19274
7492 20041
7197 20221
6747 20870
6595 21623
7067 22076
7143 23078
7045 23214
6582 23087
6308 23529
6963 24765
7527 24009
7910 23945
7979 23744
8056 23264
15165 22340
15066 22113
14886 21978
14506 22358
13756 22163
12791 21924
12656 22295
12710 22571
12893 22761
12897 23323
13121 23862
13546 24916
13702 24308
14825 23986
16316 23649
16744 23470
16914 24171
16797 24318
17650 24558
18063 24684
18021 24454
17980 24287
17369 23409
17805 23407
17790 23015
18657 23320
18405 22543
18437 21230
18550 21132
18657 20572
18195 20951
17888 21616
17441 21858
16943 21838
16738 22011
16693 22021
16192 21858
15915 21967
15929 21365
15652 21037
15474 21016
15230 20804
15111 20938
14908 20553
15057 20551
15865 20570
15995 19742
16323 19818
16892 19976
17247 20273
17795 20189
17696 19442
17553 19290
16430 19348
16048 18883
15551 18881
15264 18777
15049 18816
14895 19764
14841 19972
14733 19718
14377 19673
14198 20057
13225 19221
12594 18941
12618 19368
12686 20386
13899 21328
24991 20358
24907 19355
24813 18807
22768 18924
21721 19049
20840 19041
21910 20219
22015 20204
23172 20698
23790 20599
23810 21465
24452 21629
24683 21600
24126 22129
24156 22968
24241 23601
24448 24410
23556 24441
23389 24226
23159 24351
22447 24921
22293 24770
21495 24811
20825 24988
20751 23968
19614 24993
19293 24952
19299 24915
19013 23600
18874 22422
19083 22119
18997 21443
18908 20082
19785 20166
19796 20206
19907 20507
20917 20686
20539 21179
21076 21790
21592 21963
21494 22345
21241 22632
21549 23173
22191 23996
22647 23837
22797 23337
22727 22667
22653 22086
22503 21813
