31 24039
1058 23535
476 22739
245 22611
681 22108
663 22055
1181 21598
557 23390
451 23780
783 23816
1313 24061
1628 23943
1289 24842
2412 24001
1945 22878
1998 21839
1612 21681
2074 21548
2295 21074
2392 20384
2050 20448
530 20123
122 20140
169 19659
1308 19511
1036 19152
706 18728
721 18563
1065 16838
1865 16916
2127 16786
2130 17147
2172 17447
2012 17552
2330 17973
3704 17534
3995 17282
4138 18111
4398 17778
4736 17522
5783 17422
5674 17655
5862 19126
6780 19274
6901 18881
7017 18843
6986 18678
6786 17131
8244 17400
8240 18675
7896 18901
8131 19108
7992 19715
7067 22076
8056 23264
7979 23744
7910 23945
7527 24009
6963 24765
5553 24952
6308 23529
7045 23214
7143 23078
6582 23087
5376 22494
5837 21975
6595 21623
7492 20041
7197 20221
6747 20870
6080 21513
6034 21570
5323 21433
5146 21476
4122 20857
3983 20427
5141 19272
5602 19496
5426 19664
5605 20061
5465 20509
3040 20764
3604 20906
3480 21375
3114 21453
3708 22129
4204 21742
4756 22713
4519 22654
3884 22634
2761 22827
2560 23185
2530 23262
2798 23632
3181 23594
3388 24753
9268 24870
9248 24265
9258 23514
9579 24164
9786 24363
10049 24264
9950 24137
9318 22997
8890 22474
8540 21729
9164 21837
9592 21850
9899 21932
9921 21923
10148 21885
10081 22009
9968 22103
10347 22952
11145 22585
11080 21338
11552 21656
12791 21924
12656 22295
12710 22571
12893 22761
12897 23323
12129 24011
11642 24714
13121 23862
13546 24916
13702 24308
14825 23986
16316 23649
16192 21858
15915 21967
15929 21365
15652 21037
15474 21016
14886 21978
15066 22113
15165 22340
14506 22358
13756 22163
13899 21328
14908 20553
15057 20551
15111 20938
15230 20804
15865 20570
15995 19742
16323 19818
16430 19348
16048 18883
15551 18881
15264 18777
15198 18693
15049 18816
14787 18144
14891 17940
15394 17109
14802 17345
13841 17017
13440 17209
13354 17508
13070 18021
12877 16750
12402 17199
12499 17798
12453 18034
11297 18375
10990 18489
11168 17551
11506 16889
10090 17240
10291 17366
10775 18248
9390 18943
8556 16756
8713 17641
8560 17780
8473 18282
8559 19753
9117 19510
10032 20126
10939 20078
12354 20264
12686 20386
14198 20057
14841 19972
14895 19764
14733 19718
14377 19673
13225 19221
12594 18941
12618 19368
12310 19703
20751 23968
21076 21790
20539 21179
19907 20507
19796 20206
19785 20166
20917 20686
21721 19049
21777 18730
21720 18359
22035 18332
22035 18005
22140 18068
22302 17953
22768 18924
24130 17826
24652 17307
24021 17061
23382 16810
23142 17431
22725 16780
21583 16868
21480 16761
20609 16732
20148 16718
20552 17346
19906 17316
19720 18107
20257 18438
20416 18367
20840 19041
22015 20204
21910 20219
23172 20698
23790 20599
24813 18807
24991 18737
24907 19355
24991 20358
24683 21600
24452 21629
23810 21465
24126 22129
24156 22968
24241 23601
24448 24410
23556 24441
23389 24226
23159 24351
22447 24921
22293 24770
22647 23837
22797 23337
22727 22667
22653 22086
22503 21813
21592 21963
21494 22345
21241 22632
21549 23173
22191 23996
21495 24811
20825 24988
19614 24993
19293 24952
19299 24915
19013 23600
18657 23320
18405 22543
17888 21616
18437 21230
18550 21132
18195 20951
17441 21858
16943 21838
16738 22011
16693 22021
17369 23409
16744 23470
16914 24171
16797 24318
17650 24558
18063 24684
18021 24454
17980 24287
17805 23407
17790 23015
18874 22422
19083 22119
18997 21443
18657 20572
18908 20082
17696 19442
17553 19290
17795 20189
17247 20273
16892 19976
16951 18737
17250 18306
17055 18262
17133 18127
17901 16711
18210 17986
17491 15739
19082 15937
19978 15645
19972 15401
19678 15085
19775 14510
19449 14336
19174 14007
18411 14338
18184 14084
19170 13894
19514 13482
20122 13678
20322 13652
20193 14357
20517 13771
21398 13284
21447 14665
22132 15113
21894 16288
22543 16315
23445 16152
23340 15320
23279 14569
23796 15374
24170 15124
24522 14595
23881 14143
23709 14044
23625 13956
23239 13879
22422 13496
22393 13363
21256 12280
19517 12376
20496 11200
20603 10708
20826 11005
20977 10495
22076 11392
22672 11847
23075 13109
24451 13188
24187 12936
24871 12671
23978 12230
24558 11438
23961 11738
23452 11501
22763 10753
22984 10458
23564 10628
23595 10056
24499 9658
24426 9566
24235 9008
23837 9478
23068 10280
22921 9572
22914 9534
22958 8751
22552 8617
22326 8413
20230 8570
19742 9348
20234 11097
20125 10891
19764 10674
19070 10808
19046 10718
17536 10569
17490 10581
17241 9834
17957 9229
17924 8885
17449 8485
18703 8460
19040 8713
18800 9130
18577 10131
17004 11590
17626 11251
17677 11223
17915 12511
18189 12403
18425 12854
17822 13628
17298 13325
17043 12888
17338 12821
14709 13835
14766 14148
14878 14148
14700 15000
15336 14885
15554 14458
16257 13657
16641 13304
16509 14043
15810 14596
16319 15447
16403 16188
16218 16587
15521 16228
15627 15260
15320 15898
14940 16025
14828 16045
14039 15629
12462 15980
11303 15946
11342 15644
10777 15610
9877 16166
10772 15096
11754 14436
11641 13512
11954 13396
12184 13707
12348 13789
12832 14419
13081 14863
13344 14703
13836 14250
13471 13895
13262 13789
13666 13284
13756 12620
13745 11387
14106 11271
13559 10706
14070 10781
14384 10780
14706 11074
15096 12371
15445 13109
15739 11968
16462 10954
16269 10206
15598 10641
15066 10124
14569 10093
15029 9870
15230 9757
15258 9532
15922 9614
15197 8602
14416 9151
13760 8896
13375 8732
13686 9722
12717 9501
12419 9771
12620 10206
12924 10597
12947 11501
13150 11584
12973 11705
12258 11873
12095 12490
11254 10965
11539 10695
12008 9508
11857 9208
9844 9188
9528 9569
9363 9522
9582 10121
9733 10255
9316 10430
9131 10697
9557 10664
10140 10757
10651 10691
10617 11609
10074 12261
9340 12787
9307 13470
9383 14190
10102 14059
10868 14135
10916 13804
9912 14813
8658 15136
8702 13304
8911 13230
8950 12567
8958 12218
2183 11766
1804 12279
2225 12521
3214 12430
4277 11962
4351 11892
5300 11894
5353 11980
5179 12549
5174 12628
6400 13262
6380 13511
6558 13836
5921 13856
5565 14039
5419 14687
5339 14710
6061 15081
5604 15114
5437 15431
4711 15570
4282 15602
3700 15658
3535 15532
3110 15660
2438 15743
1636 15713
1452 16294
1908 16534
3003 16255
3515 16645
4226 16383
5101 16270
5705 16516
5917 16526
6402 15813
6689 16300
7723 16502
7465 15839
7814 14839
7786 13397
7270 13043
6230 11691
6283 11425
6583 11203
7295 11165
7799 11582
7664 10081
7194 9385
7556 9462
8228 8661
6915 8688
6636 9617
6292 9618
5987 9951
6106 10541
5477 10400
5177 10422
4770 11451
4865 11697
4138 11598
3624 11410
4587 11042
4485 10218
4044 9015
3735 9034
3709 8641
3234 9143
2960 10133
3281 10414
3077 10238
2641 10437
2535 10090
2182 9260
1601 9094
1339 8666
657 8724
1074 9003
1267 10062
1144 10163
1013 10604
1072 10653
1363 11073
1233 11232
1047 11580
454 11512
71 12544
1079 13735
1570 13759
1038 14298
230 14623
713 15195
524 15493
529 15682
234 15564
347 15970
631 16095
662 15773
1262 15292
1274 15467
1326 15458
1508 15307
1973 15280
2425 15158
2768 14711
2059 14643
2143 13786
2742 13236
3202 13345
3426 13092
3620 13085
4533 13188
5187 13146
4864 13282
4843 13802
4870 14093
4338 14405
4014 13976
3843 14836
1102 7941
963 7049
910 6584
563 6102
310 5773
377 5147
491 5070
317 4632
433 4735
1401 5184
1034 4379
807 4398
421 3738
1059 2992
1516 1923
289 1612
436 1353
1492 743
1757 739
2087 436
2012 1349
1864 1627
2198 1648
2656 745
2893 435
3545 362
3388 1809
3324 2434
3182 3075
3287 3291
3310 3407
2798 3395
2712 4623
2097 6128
2725 7466
2363 7456
2053 7980
2830 7964
2991 7882
2959 7608
4281 6730
4053 6277
3873 5876
4333 5869
4292 5787
4167 4514
4853 5588
5012 6673
5032 7205
6124 7295
6322 7709
6537 6891
7451 7597
8002 7336
8155 6582
7331 6251
7315 6149
7633 5720
7933 4662
7849 4520
8139 3627
7512 2611
7310 2168
7121 2065
7159 1837
7124 34
6339 997
5602 615
5096 372
5388 1299
5798 1780
6157 3041
6074 3552
5574 3764
6101 4323
6322 5096
5867 5023
4985 4599
4151 3810
3955 3810
3654 4506
3676 4079
3903 3414
4365 2354
4378 1450
5067 2022
4858 2226
5130 2366
5597 2602
5381 2753
5503 2920
9110 2695
9330 2715
9812 3515
10734 2660
10191 1195
10030 1286
9858 660
10180 29
10609 143
10790 729
11050 1135
11082 1332
11199 1461
10986 1760
11911 1543
11641 2138
11901 2557
12134 2699
11344 4490
12344 4539
11959 5425
11403 4948
11305 5131
10953 5353
10490 4168
9637 4148
9309 3631
8875 3750
8832 4364
9271 6060
9826 5302
10322 5777
10521 6430
10625 6377
9485 7628
9417 7805
8912 6315
8517 6690
8537 7444
9338 8205
10057 8280
10848 8122
11410 7996
12064 7666
12433 8039
13006 8203
12677 7506
13787 6956
14337 7195
14478 7226
13491 7680
14082 8115
14453 7821
14547 8319
15443 8114
14887 6985
14244 6180
15335 6532
16277 6523
16402 6563
16147 6027
15447 5583
15100 5285
14354 4981
14386 4643
14486 4100
16562 2914
16393 1318
16148 1391
16064 1135
15315 289
14802 240
15459 1704
15484 2542
14832 2808
14759 3370
14522 3459
14314 3486
13520 3531
13520 3333
13657 3048
13808 2029
14136 2144
14315 1342
14416 873
14116 911
14033 952
13625 190
12532 1316
12930 1200
13016 1237
13607 1195
12647 3384
12984 3639
13029 3627
12999 4084
12728 4735
12951 5005
13097 6370
13115 6551
12461 6548
12341 6696
10886 6669
10671 6607
9806 7433
23852 5882
23632 6208
24129 6776
23370 7476
23462 7964
23328 7933
23193 8102
23045 8148
22381 7753
22272 7644
21239 7814
20863 7435
20065 7013
19845 7556
19733 7244
19471 6126
18985 6649
18728 6635
18032 8055
17253 7935
16730 7846
17742 7232
18048 7390
18074 5942
17631 4806
18002 4481
18394 3614
18541 2737
18131 2497
18668 1743
18672 1475
19267 2021
19084 2821
18920 3187
19103 3428
19104 3631
18998 4215
19530 4801
19529 4874
19920 4950
20095 3262
21008 2923
21088 1998
20115 1586
19545 2058
19493 974
19552 966
19630 522
20168 64
19184 477
18780 1100
17354 148
17354 386
17173 1060
17015 1282
16945 1579
16875 1794
17269 2166
16796 2473
16767 3568
17255 4505
17299 4552
17222 4886
16933 5035
16902 6038
17614 5377
18021 5211
18640 5496
19377 5340
20136 5676
20779 6815
21099 7071
21636 6724
21612 6292
22394 6476
22519 6638
23241 5467
24462 4695
23143 4461
22585 4581
22245 4661
21413 5186
21241 6204
21527 5740
21989 4456
22224 3904
22741 3784
23083 3412
21718 3517
21974 2806
22240 1568
21620 1150
21454 236
21698 439
22315 747
22858 1653
23289 1965
23819 2212
24093 2715
24344 1284
23961 256
23680 828
