9330 2715 1 0
7527 24009 2 1
12461 6548 1 2
15230 9757 1 3
21398 13284 1 4
4865 11697 2 5
5437 15431 2 6
14136 2144 2 7
18800 9130 3 8
18780 1100 1 9
21495 24811 3 10
11857 9208 3 11
18405 22543 2 12
19514 13482 2 13
7799 11582 3 14
10848 8122 1 15
17631 4806 1 16
19775 14510 1 17
20257 18438 1 18
12710 22571 3 19
3873 5876 2 20
13081 14863 2 21
10625 6377 3 22
15459 1704 1 23
18394 3614 2 24
1516 1923 2 25
6322 5096 2 26
12184 13707 1 27
21974 2806 2 28
19545 2058 2 29
421 3738 3 30
6636 9617 3 31
4365 2354 2 32
22422 13496 3 33
1036 19152 3 34
2959 7608 2 35
8056 23264 3 36
13115 6551 2 37
15922 9614 1 38
17980 24287 3 39
13070 18021 3 40
14039 15629 3 41
16393 1318 1 42
21241 22632 1 43
15394 17109 1 44
14354 4981 1 45
12618 19368 1 46
10521 6430 2 47
20136 5676 1 48
10775 18248 2 49
20148 16718 1 50
10777 15610 2 51
12095 12490 2 52
1079 13735 1 53
18189 12403 3 54
14522 3459 3 55
8890 22474 1 56
15320 15898 3 57
12348 13789 1 58
5597 2602 2 59
22315 747 2 60
4277 11962 3 61
16767 3568 2 62
5503 2920 2 63
9258 23514 1 64
12717 9501 2 65
10191 1195 2 66
17441 21858 3 67
6230 11691 3 68
8832 4364 1 69
9579 24164 2 70
12893 22761 2 71
7814 14839 2 72
10734 2660 2 73
9248 24265 2 74
10102 14059 2 75
11297 18375 3 76
8155 6582 3 77
11199 1461 2 78
6915 8688 3 79
6080 21513 2 80
20193 14357 2 81
10032 20126 3 82
4044 9015 1 83
3310 3407 3 84
17369 23409 3 85
2097 6128 1 86
31 24039 3 87
1492 743 2 88
10180 29 2 89
23045 8148 1 90
12402 17199 3 91
23881 14143 2 92
7896 18901 3 93
2656 745 3 94
1065 16838 1 95
7194 9385 3 96
22585 4581 3 97
23328 7933 2 98
14709 13835 3 99
22858 1653 3 100
15057 20551 3 101
20552 17346 1 102
14453 7821 3 103
15198 18693 2 104
23389 24226 3 105
24126 22129 2 106
3708 22129 1 107
11641 13512 1 108
476 22739 3 109
2130 17147 2 110
14033 952 2 111
6380 13511 2 112
5553 24952 3 113
15598 10641 3 114
14825 23986 1 115
11954 13396 3 116
436 1353 3 117
5300 11894 3 118
3040 20764 3 119
11539 10695 3 120
3843 14836 3 121
17354 386 3 122
8658 15136 3 123
10651 10691 2 124
9637 4148 1 125
14386 4643 3 126
15739 11968 3 127
18985 6649 3 128
6101 4323 1 129
16796 2473 3 130
22984 10458 3 131
23370 7476 1 132
4858 2226 1 133
6901 18881 1 134
11050 1135 3 135
7045 23214 1 136
19013 23600 1 137
662 15773 1 138
4985 4599 2 139
23810 21465 3 140
9268 24870 3 141
16744 23470 2 142
10322 5777 1 143
4204 21742 3 144
5339 14710 3 145
19906 17316 3 146
9858 660 3 147
631 16095 2 148
21583 16868 3 149
18048 7390 2 150
9271 6060 2 151
24093 2715 3 152
4870 14093 1 153
1612 21681 1 154
16323 19818 1 155
24991 20358 2 156
17004 11590 1 157
24451 13188 1 158
16319 15447 2 159
23709 14044 2 160
4770 11451 1 161
23837 9478 3 162
4282 15602 2 163
963 7049 1 164
12134 2699 2 165
7492 20041 3 166
19082 15937 1 167
7270 13043 2 168
14070 10781 1 169
3114 21453 2 170
5917 16526 3 171
6747 20870 3 172
13702 24308 2 173
20751 23968 1 174
14802 240 2 175
9844 9188 2 176
17133 18127 1 177
5177 10422 2 178
7310 2168 2 179
20115 1586 2 180
11642 24714 1 181
7512 2611 2 182
23172 20698 2 183
22140 18068 1 184
22381 7753 3 185
22921 9572 2 186
16048 18883 2 187
17822 13628 2 188
11342 15644 1 189
4281 6730 3 190
3995 17282 3 191
22958 8751 2 192
18657 23320 1 193
3077 10238 3 194
2182 9260 2 195
11754 14436 2 196
21989 4456 2 197
10617 11609 2 198
1262 15292 1 199
24344 1284 2 200
7979 23744 2 201
16730 7846 3 202
6402 15813 3 203
16641 13304 3 204
17253 7935 3 205
6689 16300 1 206
11145 22585 3 207
14106 11271 3 208
4398 17778 1 209
22035 18332 1 210
20779 6815 3 211
19978 15645 1 212
2143 13786 2 213
15447 5583 3 214
23382 16810 1 215
6034 21570 3 216
3620 13085 3 217
14891 17940 2 218
24021 17061 2 219
17354 148 1 220
15521 16228 2 221
22519 6638 3 222
11305 5131 1 223
8240 18675 2 224
16402 6563 1 225
12973 11705 3 226
1058 23535 2 227
18998 4215 1 228
2412 24001 1 229
2560 23185 1 230
10140 10757 1 231
8131 19108 2 232
13262 13789 1 233
23289 1965 3 234
4853 5588 1 235
7910 23945 1 236
22797 23337 3 237
2012 1349 2 238
1013 10604 3 239
15551 18881 2 240
1308 19511 2 241
20416 18367 1 242
557 23390 3 243
18874 22422 1 244
24462 4695 1 245
14759 3370 1 246
13097 6370 1 247
5798 1780 3 248
16403 16188 2 249
1636 15713 3 250
12499 17798 1 251
5867 5023 2 252
20609 16732 3 253
18032 8055 1 254
22727 22667 3 255
17449 8485 3 256
23819 2212 3 257
16951 18737 3 258
8139 3627 3 259
23852 5882 1 260
8002 7336 2 261
4378 1450 1 262
12462 15980 1 263
20517 13771 1 264
18184 14084 3 265
18021 5211 3 266
20234 11097 3 267
5323 21433 1 268
8950 12567 1 269
14832 2808 3 270
13520 3333 1 271
6322 7709 3 272
22302 17953 3 273
2425 15158 2 274
16509 14043 1 275
21720 18359 1 276
24170 15124 1 277
20603 10708 1 278
24522 14595 2 279
2330 17973 3 280
22015 20204 2 281
21076 21790 1 282
5381 2753 3 283
20539 21179 3 284
9582 10121 3 285
19293 24952 3 286
9417 7805 3 287
20125 10891 1 288
1072 10653 2 289
19046 10718 2 290
5602 615 3 291
2392 20384 1 292
5146 21476 2 293
17677 11223 3 294
2798 3395 2 295
19103 3428 1 296
1908 16534 3 297
4151 3810 1 298
6157 3041 3 299
16875 1794 3 300
17490 10581 1 301
4226 16383 2 302
17055 18262 2 303
19630 522 1 304
14377 19673 3 305
17805 23407 2 306
9340 12787 3 307
13150 11584 3 308
16192 21858 3 309
9338 8205 2 310
19920 4950 1 311
11303 15946 3 312
20917 20686 2 313
12791 21924 3 314
7465 15839 3 315
22224 3904 2 316
1363 11073 3 317
12947 11501 3 318
9806 7433 1 319
9363 9522 3 320
14314 3486 1 321
21612 6292 1 322
17298 13325 2 323
5574 3764 1 324
21413 5186 3 325
317 4632 1 326
2742 13236 1 327
14244 6180 1 328
13029 3627 1 329
22552 8617 2 330
1038 14298 3 331
7331 6251 1 332
12008 9508 2 333
7124 34 1 334
12310 19703 1 335
16943 21838 3 336
5179 12549 3 337
2712 4623 2 338
6339 997 2 339
6308 23529 2 340
11959 5425 1 341
18210 17986 3 342
19070 10808 1 343
19104 3631 1 344
13808 2029 1 345
1998 21839 2 346
14547 8319 2 347
19170 13894 2 348
20168 64 2 349
10049 24264 3 350
15474 21016 1 351
24813 18807 3 352
1973 15280 2 353
5604 15114 3 354
7633 5720 1 355
20825 24988 2 356
20496 11200 3 357
9390 18943 2 358
807 4398 3 359
71 12544 1 360
21088 1998 3 361
14895 19764 2 362
21527 5740 3 363
11641 2138 2 364
8713 17641 1 365
8702 13304 2 366
11254 10965 3 367
21549 23173 1 368
17299 4552 3 369
4843 13802 3 370
23193 8102 1 371
17957 9229 3 372
15049 18816 2 373
8540 21729 1 374
1181 21598 1 375
14486 4100 2 376
451 23780 2 377
23625 13956 2 378
19529 4874 3 379
24683 21600 2 380
7786 13397 1 381
17015 1282 3 382
2183 11766 2 383
15264 18777 2 384
3214 12430 1 385
7315 6149 2 386
22447 24921 3 387
11403 4948 3 388
16277 6523 2 389
12877 16750 3 390
1274 15467 2 391
18908 20082 3 392
5674 17655 1 393
24452 21629 2 394
3234 9143 3 395
9383 14190 2 396
657 8724 2 397
5605 20061 3 398
3480 21375 3 399
20230 8570 3 400
2050 20448 3 401
22132 15113 2 402
14787 18144 1 403
2768 14711 3 404
11911 1543 3 405
1102 7941 3 406
9826 5302 2 407
21239 7814 3 408
17614 5377 1 409
17536 10569 3 410
12984 3639 3 411
19449 14336 1 412
12594 18941 3 413
18657 20572 1 414
11552 21656 3 415
19493 974 1 416
16147 6027 3 417
23961 11738 1 418
4338 14405 3 419
14908 20553 2 420
9899 21932 1 421
24235 9008 3 422
9528 9569 2 423
5101 16270 3 424
1757 739 1 425
19083 22119 1 426
16462 10954 3 427
19552 966 2 428
8958 12218 3 429
20863 7435 1 430
17795 20189 2 431
1804 12279 1 432
2725 7466 3 433
10347 22952 3 434
2438 15743 1 435
24558 11438 2 436
1864 1627 2 437
2830 7964 1 438
6400 13262 1 439
13836 14250 3 440
377 5147 3 441
12656 22295 3 442
20122 13678 3 443
18074 5942 1 444
169 19659 2 445
2960 10133 2 446
4587 11042 1 447
3903 3414 2 448
8517 6690 3 449
22768 18924 2 450
19267 2021 3 451
16562 2914 2 452
21592 21963 2 453
2535 10090 1 454
13546 24916 2 455
23680 828 1 456
1074 9003 2 457
20840 19041 3 458
2530 23262 3 459
21454 236 3 460
14828 16045 3 461
17742 7232 3 462
14706 11074 2 463
16148 1391 2 464
16064 1135 3 465
8244 17400 2 466
17247 20273 2 467
2641 10437 1 468
17255 4505 3 469
17491 15739 2 470
8537 7444 3 471
7121 2065 3 472
18195 20951 1 473
10939 20078 2 474
3426 13092 2 475
20826 11005 1 476
7451 7597 2 477
17888 21616 2 478
22394 6476 1 479
4485 10218 3 480
3281 10414 1 481
21698 439 2 482
17650 24558 2 483
12728 4735 3 484
17173 1060 3 485
19530 4801 3 486
2127 16786 2 487
15096 12371 3 488
12924 10597 2 489
23142 17431 3 490
8556 16756 1 491
347 15970 1 492
16257 13657 2 493
12344 4539 2 494
4756 22713 3 495
9557 10664 2 496
17696 19442 2 497
5067 2022 3 498
7017 18843 2 499
24448 24410 1 500
7556 9462 2 501
14878 14148 2 502
3535 15532 2 503
24426 9566 1 504
13491 7680 2 505
24156 22968 2 506
9950 24137 3 507
3324 2434 2 508
13520 3531 1 509
12930 1200 3 510
22393 13363 2 511
2893 435 3 512
18425 12854 2 513
2991 7882 3 514
10671 6607 2 515
24991 18737 1 516
24129 6776 2 517
17915 12511 2 518
21447 14665 1 519
22647 23837 2 520
2363 7456 2 521
2798 23632 3 522
15652 21037 2 523
14886 21978 1 524
21494 22345 2 525
6583 11203 2 526
4711 15570 1 527
17222 4886 3 528
23239 13879 3 529
22076 11392 2 530
4533 13188 2 531
19517 12376 2 532
15554 14458 1 533
12532 1316 1 534
9877 16166 2 535
12433 8039 3 536
3003 16255 3 537
24241 23601 1 538
13121 23862 2 539
15865 20570 3 540
4053 6277 3 541
16430 19348 3 542
22240 1568 3 543
23556 24441 3 544
6074 3552 1 545
5465 20509 1 546
21721 19049 2 547
20322 13652 3 548
19184 477 2 549
6106 10541 2 550
3735 9034 1 551
23083 3412 1 552
24652 17307 2 553
15445 13109 1 554
18997 21443 3 555
14506 22358 1 556
24907 19355 3 557
13559 10706 3 558
5388 1299 2 559
15929 21365 1 560
16316 23649 3 561
11080 21338 3 562
3388 1809 1 563
7849 4520 2 564
4292 5787 3 565
18002 4481 1 566
3709 8641 1 567
14416 873 1 568
7067 22076 3 569
19785 20166 1 570
9786 24363 2 571
6124 7295 2 572
7933 4662 3 573
12453 18034 2 574
9592 21850 3 575
5426 19664 3 576
5419 14687 1 577
6292 9618 2 578
19720 18107 2 579
14887 6985 1 580
5602 19496 3 581
12897 23323 2 582
8911 13230 2 583
1945 22878 1 584
23796 15374 2 585
9812 3515 1 586
24499 9658 2 587
9117 19510 1 588
18577 10131 3 589
16914 24171 1 590
11410 7996 1 591
9733 10255 3 592
14315 1342 1 593
3545 362 2 594
18920 3187 1 595
13787 6956 3 596
23445 16152 1 597
9307 13470 3 598
10790 729 2 599
1313 24061 2 600
9309 3631 1 601
10916 13804 1 602
12258 11873 2 603
12620 10206 1 604
7159 1837 1 605
14116 911 1 606
21620 1150 1 607
10090 17240 2 608
2172 17447 3 609
1233 11232 1 610
4864 13282 3 611
18668 1743 2 612
21894 16288 3 613
23452 11501 1 614
289 1612 2 615
17553 19290 2 616
18703 8460 2 617
2295 21074 1 618
19742 9348 2 619
22326 8413 3 620
10609 143 3 621
3704 17534 2 622
11344 4490 3 623
14198 20057 3 624
15810 14596 1 625
1452 16294 2 626
9912 14813 1 627
5987 9951 1 628
15335 6532 1 629
15100 5285 2 630
6595 21623 3 631
24130 17826 1 632
19972 15401 3 633
15029 9870 2 634
20977 10495 1 635
3624 11410 1 636
18437 21230 2 637
3388 24753 1 638
9921 21923 2 639
6558 13836 1 640
3182 3075 3 641
21008 2923 3 642
2761 22827 3 643
3983 20427 2 644
14478 7226 3 645
17241 9834 2 646
13471 13895 3 647
13225 19221 2 648
10148 21885 1 649
15336 14885 3 650
18411 14338 3 651
12686 20386 2 652
1865 16916 2 653
22293 24770 3 654
4519 22654 3 655
5705 16516 2 656
10953 5353 2 657
5174 12628 1 658
2059 14643 3 659
16945 1579 1 660
6283 11425 1 661
18021 24454 2 662
1289 24842 1 663
1059 2992 3 664
15066 10124 3 665
6582 23087 2 666
3287 3291 3 667
15915 21967 3 668
21910 20219 3 669
14841 19972 2 670
1267 10062 1 671
721 18563 3 672
563 6102 1 673
19907 20507 3 674
5032 7205 3 675
19471 6126 3 676
22763 10753 1 677
11082 1332 3 678
22653 22086 1 679
17626 11251 3 680
19040 8713 1 681
3955 3810 3 682
10057 8280 1 683
5565 14039 1 684
4122 20857 1 685
1601 9094 2 686
12354 20264 1 687
13686 9722 2 688
10772 15096 3 689
13375 8732 3 690
13440 17209 1 691
17250 18306 1 692
530 20123 2 693
5921 13856 3 694
18131 2497 1 695
2225 12521 1 696
13841 17017 2 697
23564 10628 1 698
5012 6673 2 699
5096 372 1 700
13657 3048 3 701
6963 24765 2 702
2087 436 3 703
7295 11165 1 704
1144 10163 3 705
13666 13284 2 706
22035 18005 2 707
7664 10081 3 708
14337 7195 3 709
6061 15081 3 710
9110 2695 3 711
8875 3750 2 712
663 22055 2 713
3181 23594 1 714
13344 14703 2 715
1628 23943 2 716
10986 1760 2 717
12419 9771 1 718
19614 24993 3 719
1047 11580 3 720
20095 3262 2 721
15197 8602 3 722
3604 20906 3 723
2198 1648 2 724
16902 6038 1 725
7197 20221 1 726
310 5773 3 727
10081 22009 1 728
10074 12261 2 729
13006 8203 2 730
16269 10206 2 731
24871 12671 1 732
12129 24011 1 733
5130 2366 2 734
11168 17551 1 735
22741 3784 2 736
3515 16645 2 737
524 15493 2 738
4138 18111 3 739
12341 6696 3 740
13899 21328 1 741
1570 13759 3 742
16933 5035 1 743
19299 24915 1 744
3202 13345 3 745
6986 18678 3 746
23632 6208 3 747
5477 10400 1 748
14940 16025 1 749
21636 6724 3 750
9316 10430 3 751
23075 13109 2 752
3110 15660 1 753
19377 5340 1 754
7723 16502 3 755
1401 5184 2 756
23961 256 2 757
713 15195 3 758
16738 22011 1 759
23462 7964 3 760
245 22611 2 761
13354 17508 2 762
4014 13976 1 763
706 18728 2 764
8560 17780 2 765
13745 11387 2 766
5353 11980 2 767
11901 2557 3 768
8912 6315 2 769
8228 8661 2 770
22191 23996 3 771
14700 15000 3 772
3676 4079 3 773
13756 12620 1 774
6537 6891 1 775
17924 8885 3 776
21256 12280 1 777
15165 22340 3 778
21480 16761 1 779
5141 19272 3 780
4138 11598 1 781
10490 4168 3 782
14569 10093 3 783
18541 2737 3 784
433 4735 3 785
9318 22997 1 786
12951 5005 1 787
10291 17366 1 788
2053 7980 1 789
12677 7506 1 790
15627 15260 1 791
19796 20206 2 792
21241 6204 3 793
23978 12230 2 794
20065 7013 2 795
18063 24684 3 796
23068 10280 3 797
6786 17131 3 798
14766 14148 3 799
22272 7644 1 800
3884 22634 2 801
15443 8114 3 802
12999 4084 2 803
230 14623 3 804
23595 10056 3 805
23279 14569 2 806
8559 19753 2 807
17043 12888 2 808
22543 16315 1 809
5187 13146 3 810
19174 14007 3 811
18640 5496 3 812
22725 16780 1 813
3700 15658 3 814
13756 22163 2 815
19678 15085 2 816
5783 17422 2 817
18672 1475 3 818
1339 8666 1 819
5837 21975 2 820
19845 7556 1 821
16693 22021 2 822
8473 18282 2 823
15484 2542 3 824
12647 3384 2 825
19084 2821 3 826
11506 16889 3 827
4333 5869 3 828
4351 11892 2 829
1326 15458 1 830
234 15564 3 831
13607 1195 1 832
23241 5467 2 833
783 23816 2 834
4167 4514 1 835
23340 15320 2 836
15230 20804 1 837
21099 7071 2 838
7992 19715 3 839
14802 17345 3 840
21718 3517 3 841
22914 9534 2 842
19733 7244 2 843
18550 21132 1 844
14416 9151 1 845
4736 17522 3 846
16892 19976 3 847
15315 289 2 848
10030 1286 1 849
18728 6635 3 850
22245 4661 3 851
6780 19274 1 852
5376 22494 1 853
1508 15307 1 854
2012 17552 1 855
10886 6669 2 856
5862 19126 1 857
22503 21813 1 858
23790 20599 1 859
21777 18730 2 860
17790 23015 2 861
12064 7666 1 862
910 6584 1 863
16218 16587 2 864
122 20140 3 865
23143 4461 3 866
17269 2166 3 867
14082 8115 2 868
1034 4379 2 869
19764 10674 3 870
9131 10697 3 871
16797 24318 3 872
14733 19718 1 873
22672 11847 3 874
9164 21837 1 875
13625 190 1 876
7143 23078 3 877
15258 9532 3 878
10990 18489 1 879
13016 1237 2 880
15066 22113 1 881
14384 10780 3 882
454 11512 3 883
3654 4506 2 884
491 5070 1 885
681 22108 3 886
15111 20938 2 887
15995 19742 1 888
9485 7628 2 889
2074 21548 2 890
24187 12936 1 891
9968 22103 3 892
12832 14419 1 893
17338 12821 3 894
13760 8896 1 895
10868 14135 1 896
23159 24351 3 897
17901 16711 3 898
529 15682 1 899
