50
226 184 391 355 
155 161 
83 469 99 374 
223 417 
347 294 400 37 453 
243 63 505 453 
396 409 
409 420 72 320 115 
409 174 57 328 161 
397 244 99 222 233 
237 76 316 503 
287 54 
398 57 360 
417 225 293 341 294 244 
48 260 347 294 244 
359 111 233 255 37 
424 99 424 99 
48 225 325 154 
469 174 57 277 381 
503 374 
503 112 453 381 
367 32 
324 112 453 381 336 83 
382 111 110 112 
240 324 504 
385 35 396 72 60 384 
337 93 154 112 453 95 
233 240 324 
374 325 488 381 
76 316 440 110 374 366 
381 260 76 453 453 
112 203 
503 184 112 453 381 
226 222 233 364 
382 86 
488 381 488 505 
382 85 233 255 37 
417 355 
35 420 72 83 
233 110 155 158 385 
223 240 154 287 
471 158 396 32 
57 277 110 231 93 436 
240 115 143 382 
355 158 453 398 86 202 
488 93 436 396 294 154 
471 439 
336 85 233 255 381 41 
174 57 112 453 381 
488 505 32 
0.33652173913043476
0.24869565217391304
0.33043478260869563
0.3339130434782609
0.2617391304347826
0.43217391304347824
0.2408695652173913
0.3165217391304348
0.41391304347826086
0.4017391304347826
0.3356521739130435
0.22608695652173913
0.31130434782608696
0.43478260869565216
0.42086956521739133
0.24608695652173912
0.43478260869565216
0.30521739130434783
0.43478260869565216
0.34608695652173915
0.3173913043478261
0.38608695652173913
0.30695652173913046
0.35130434782608694
0.42782608695652175
0.30434782608695654
0.36
0.4017391304347826
0.30434782608695654
0.25565217391304346
0.30521739130434783
0.43130434782608695
0.4330434782608696
0.23304347826086957
0.23565217391304347
0.4365217391304348
0.43130434782608695
0.43478260869565216
0.25217391304347825
0.30434782608695654
0.44782608695652176
0.30782608695652175
0.4365217391304348
0.3982608695652174
0.4339130434782609
0.4365217391304348
0.4147826086956522
0.4356521739130435
0.3843478260869565
0.36695652173913046
