50
226 184 391 355 
226 222 233 355 
155 161 
155 291 
83 469 99 374 
83 469 99 189 
223 417 
223 394 
347 294 400 37 453 
347 294 244 112 453 
243 63 505 453 
243 63 505 492 
396 409 
396 154 
409 420 72 320 115 
505 417 240 320 115 
409 174 57 328 161 
409 420 72 328 161 
397 244 99 222 233 
397 244 226 222 233 
237 76 316 503 
237 76 316 440 
287 54 
367 54 
398 57 360 
398 453 360 
417 225 293 341 294 244 
287 225 293 341 294 244 
48 260 347 294 244 
48 260 76 453 197 
359 111 233 255 37 
359 111 240 115 219 
424 99 424 99 
424 99 453 95 
48 225 325 154 
48 225 294 154 
469 174 57 277 381 
374 174 57 277 381 
503 374 
503 336 
503 112 453 381 
503 184 391 154 
367 32 
382 32 
324 112 453 381 336 83 
353 190 400 37 336 83 
382 111 110 112 
382 111 110 374 
240 324 504 
240 324 504 
385 35 396 72 60 384 
385 35 420 72 60 384 
337 93 154 112 453 95 
337 93 325 359 453 95 
233 240 324 
103 240 324 
374 325 488 381 
374 325 396 381 
76 316 440 110 374 366 
374 325 111 110 374 366 
381 260 76 453 453 
381 294 154 112 453 
112 203 
409 203 
503 184 112 453 381 
294 244 112 453 381 
226 222 233 364 
260 76 144 364 
382 86 
382 287 
488 381 488 505 
488 381 41 161 
382 85 233 255 37 
417 85 233 255 37 
417 355 
350 355 
35 420 72 83 
171 143 500 83 
233 110 155 158 385 
233 110 374 158 385 
223 240 154 287 
223 240 320 287 
471 158 396 32 
471 367 396 32 
57 277 110 231 93 436 
57 277 344 231 93 436 
240 115 143 382 
409 171 143 382 
355 158 453 398 86 202 
355 110 374 158 86 202 
488 93 436 396 294 154 
488 471 367 396 294 154 
471 439 
112 439 
336 85 233 255 381 41 
417 85 233 255 381 41 
174 57 112 453 381 
240 324 112 453 381 
488 505 32 
488 505 417 
