50
226 222 233 355 
155 291 
83 469 99 189 
223 394 
347 294 244 112 453 
243 63 505 492 
505 417 240 320 115 
409 420 72 328 161 
397 244 226 222 233 
237 76 316 440 
367 54 
398 453 360 
287 225 293 341 294 244 
48 260 76 453 197 
359 111 240 115 219 
424 99 453 95 
48 225 294 154 
374 174 57 277 381 
503 336 
503 184 391 154 
353 190 400 37 336 83 
382 111 110 374 
240 324 504 
385 35 420 72 60 384 
337 93 325 359 453 95 
103 240 324 
374 325 396 381 
374 325 111 110 374 366 
381 294 154 112 453 
409 203 
294 244 112 453 381 
260 76 144 364 
382 287 
350 355 
171 143 500 83 
223 240 320 287 
471 367 396 32 
57 277 344 231 93 436 
409 171 143 382 
488 471 367 396 294 154 
112 439 
417 85 233 255 381 41 
240 324 112 453 381 
488 505 417 
396 409 
367 32 
488 381 488 505 
382 85 233 255 37 
233 110 155 158 385 
355 158 453 398 86 202 
0.542608695652174
0.5443478260869565
0.5339130434782609
0.5478260869565217
0.542608695652174
0.5469565217391305
0.5495652173913044
0.5504347826086956
0.5504347826086956
0.5452173913043479
0.542608695652174
0.5539130434782609
0.5547826086956522
0.5347826086956522
0.5530434782608695
0.5669565217391305
0.5408695652173913
0.5469565217391305
0.5530434782608695
0.5530434782608695
0.5608695652173913
0.5478260869565217
0.5434782608695652
0.5678260869565217
0.5652173913043478
0.5460869565217391
0.5478260869565217
0.5478260869565217
0.5504347826086956
0.5339130434782609
0.54
0.5521739130434783
0.5460869565217391
0.5556521739130434
0.5417391304347826
0.5521739130434783
0.54
0.5443478260869565
0.5478260869565217
0.5556521739130434
0.5417391304347826
0.56
0.5452173913043479
0.5530434782608695
0.5460869565217391
0.5591304347826087
0.5556521739130434
0.5417391304347826
0.5495652173913044
0.5356521739130434
